-1.870757972149351023e+00
-1.123260896435988920e+00
-1.899968950157402987e-03
-5.642416840628176368e-03
1.014801833031367048e-02
4.781034437822688499e-02
-2.867885935398059583e-02
2.861941258918794615e-03
3.951999999999999957e-02
-9.589999999999999566e-03
1.270654053597337352e-01
7.895380545124286442e-04
4.076811443654022871e-03
2.179827629968022693e-03
-7.278731343971551852e-03
3.417178392799392721e-03
-8.553711188751344716e-03
-2.637206033375067912e-03
2.351456958739794618e-03
-1.293943197920543434e-04
1.251883381501692942e-03
-1.327135776850958682e-03
